    4d	M
    54	T
    68	h
    64	d
     0
     0
     0
     6	6 bytes to follow
     0
     1	format 1, multiple tracks, synchronous
     0
     2	2 tracks
     1
    e0	time division of 480
    4d	M
    54	T
    72	r
    6b	k
     0
     0
     0
    5b	size 91
     0	time=0
    ff	midi event
     3	track name
     8	length 8
    75	u
    6e	n
    74	t
    69	i
    74	t
    6c	l
    65	e
    64	d
     0	time=0
    ff	midi event
     1	text event
     1	length 1
     a	NEW LINE
     0	time=0
    ff	meta event
    54	SMPTE offset
     5	length 5
    60	?
     0	?
     3	?
     0	?
     0	?
     0	time=0
    ff	meta event
    58	time signature
     4	length 4
     4	numer 4
     2	numer 4
    18	click metronome 3 (or 4) times for every 4 (or 3) quarter-notes
     8	8 32nd notes per 24 midi clock signals
     0	time=0
    ff	meta event
    59	key signature
     2	length
     4	E
     0	major
     0	time=0
    ff	meta event
    51	tempo event
     3	length 3
    10	
    a5
    5d	1090909 microseconds/quarter-note
     0	time=0
    ff	meta event
     6	marker
    1b	length 27
    54	T
    72	r
    61	a
    6e	n
    73	s
    63	c
    72	r
    69	i
    62	b
    65	e
    64	d
    20	space
    62	b
    79	y
    20	space
    45	E
    64	d
    77	w
    61	a
    72	r
    64	d
    20	space
    47	G
    72	r
    61	a
    6e	n
    74	t
    87	?
    fc	?
     0	time=0
    ff
    51
     3
    24
    9f
     0
     0
    ff
    2f
     0
    4d
    54
    72
    6b
     0
     0
    23
    2c
     0
    ff
    21
     1
     0
     0
    ff
     3
     3
    31
    73
    74
     0
    c0
     0
     0
    b0
    43
    7f
     0
    40
    7f
    19
    90
    38
    60
     0
    31
    67
     0
    25
    67
    81
    29
    38
     0
     0
    3d
    60
    81
    1f
    3d
     0
     0
    40
    60
    81
    21
    40
     0
     0
    38
    60
    81
    20
    38
     0
     0
    3d
    60
    81
    1f
    3d
     0
     0
    40
    60
    81
    21
    40
     0
     0
    38
    60
    81
    1f
    38
     0
     0
    3d
    60
    81
    20
    3d
     0
     0
    40
    60
    81
    21
    40
     0
     0
    38
    60
    81
    1f
    38
     0
     0
    3d
    60
    81
    20
    3d
     0
     0
    40
    60
    7a
    b0
    40
     0
     5
    40
    7f
    22
    90
    40
     0
     0
    25
     0
     0
    31
     0
     0
    38
    60
     0
    2f
    67
     0
    23
    67
    81
    1f
    38
     0
     0
    3d
    60
    81
    21
    3d
     0
     0
    40
    60
    81
    20
    40
     0
     0
    38
    60
    81
    1f
    38
     0
     0
    3d
    60
    81
    21
    3d
     0
     0
    40
    60
    81
    20
    40
     0
     0
    38
    60
    81
    1f
    38
     0
     0
    3d
    60
    81
    21
    3d
     0
     0
    40
    60
    81
    1f
    40
     0
     0
    38
    60
    81
    20
    38
     0
     0
    3d
    60
    81
    21
    3d
     0
     0
    40
    60
    79
    b0
    40
     0
     5
    40
    7f
    21
    90
    40
     0
     0
    23
     0
     0
    2f
     0
     0
    39
    60
     1
    2d
    67
     0
    21
    67
    81
    1f
    39
     0
     0
    3d
    60
    81
    21
    3d
     0
     0
    40
    60
    81
    1f
    40
     0
     0
    39
    60
    81
    20
    39
     0
     0
    3d
    60
    81
    21
    3d
     0
     0
    40
    60
    79
    b0
    40
     0
     5
    40
    7f
    21
    90
    40
     0
     0
    21
     0
     0
    2d
     0
     0
    39
    60
     1
    2a
    67
     0
    1e
    67
    81
    20
    39
     0
     0
    3e
    60
    81
    20
    3e
     0
     0
    42
    60
    81
    1f
    42
     0
     0
    39
    60
    81
    21
    39
     0
     0
    3e
    60
    81
    20
    3e
     0
     0
    42
    60
    79
    b0
    40
     0
     5
    40
    7f
    21
    90
    42
     0
     0
    1e
     0
     0
    2a
     0
     0
    38
    60
     1
    2c
    67
     0
    20
    67
    81
    20
    38
     0
     0
    3c
    60
    81
    1f
    3c
     0
     0
    42
    60
    81
    20
    42
     0
     0
    38
    60
    81
    21
    38
     0
     0
    3d
    60
    81
    1f
    3d
     0
     0
    40
    60
    7a
    b0
    40
     0
     5
    40
    7f
    21
    90
    40
     0
     0
    20
     0
     0
    2c
     0
     0
    38
    60
     0
    2c
    67
     1
    20
    67
    81
    20
    38
     0
     0
    3d
    60
    81
    1f
    3d
     0
     0
    3f
    60
    81
    20
    3f
     0
     0
    36
    60
    81
    21
    36
     0
     0
    3c
    60
    81
    1f
    3c
     0
     0
    3f
    60
    7a
    b0
    40
     0
    22
    90
    3f
     0
     0
    20
     0
     0
    2c
     0
     0
    2c
    67
     5
    34
    60
     0
    31
    67
     1
    25
    67
    81
    1f
    34
     0
     0
    38
    60
    81
    1f
    38
     0
     0
    3d
    60
    7f
    b0
    40
    7f
    22
    90
    3d
     0
     0
    38
    60
    81
    20
    38
     0
     0
    3d
    60
    81
    1f
    3d
     0
     0
    40
    60
    7a
    b0
    40
     0
    27
    90
    40
     0
     0
    38
    60
    42
    b0
    40
    7f
     0
    40
    7f
    5d
    90
    38
     0
     0
    3d
    60
    81
    20
    3d
     0
     0
    40
    60
    2f
    b0
    40
     0
     0
    40
     0
    6b
    90
    44
    79
     7
    40
     0
     0
    38
    60
    81
    1f
    38
     0
     0
    3d
    60
    81
    20
    3d
     0
     0
    40
    60
    29
    44
     0
     0
    44
    79
    78
    44
     0
     0
    40
     0
     0
    2c
     0
     0
    31
     0
     0
    25
     0
     0
    44
    79
     0
    38
    60
     0
    30
    67
     1
    24
    67
     0
    2c
    67
    81
    1e
    38
     0
     0
    3f
    60
    81
    21
    3f
     0
     0
    42
    60
    81
    20
    42
     0
     0
    38
    60
    81
    1f
    38
     0
     0
    3f
    60
    81
    21
    3f
     0
     0
    42
    60
    81
    20
    42
     0
     0
    38
    60
    81
    1f
    38
     0
     0
    3f
    60
    81
    21
    3f
     0
     0
    42
    60
    81
    1f
    42
     0
     0
    44
     0
     0
    44
    79
     1
    38
    60
    81
    1f
    38
     0
     0
    3f
    60
    81
    21
    3f
     0
     0
    42
    60
    28
    44
     0
     0
    44
    79
    77
    44
     0
     0
    42
     0
     0
    2c
     0
     0
    30
     0
     0
    24
     0
     0
    44
    79
     1
    38
    60
     0
    31
    67
     1
    25
    67
    41
    b0
    40
    7f
     0
    40
    7f
    5d
    90
    38
     0
     0
    3d
    60
    81
    1d
    b0
    40
     0
     0
    40
     0
     4
    90
    3d
     0
     0
    40
    60
    7f
    b0
    40
    7f
    20
    90
    40
     0
     0
    38
    60
    81
    20
    38
     0
     0
    3d
    60
    81
    21
    3d
     0
     0
    40
    60
    48
    b0
    40
     0
    4d
    40
    7f
     a
    90
    40
     0
     0
    25
     0
     0
    31
     0
     0
    44
     0
     0
    45
    79
     1
    39
    60
     0
    2a
    67
     0
    1e
    67
    81
    20
    39
     0
     0
    3d
    60
    81
    20
    3d
     0
     0
    42
    60
    55
    b0
    40
     0
    4a
    90
    42
     0
     0
    39
    60
    81
    21
    39
     0
     0
    3d
    60
    81
    20
    3d
     0
     0
    42
    60
    81
    1f
    42
     0
     0
    1e
     0
     0
    2a
     0
     0
    45
     0
     0
    44
    79
     1
    38
    60
     0
    2f
    67
     0
    23
    67
    81
    20
    38
     0
     0
    3b
    60
    81
    20
    3b
     0
     0
    40
    60
    81
    1f
    40
     0
     0
    38
    60
    17
    b0
    40
    7f
    81
     a
    90
    38
     0
     0
    3b
    60
    81
    1f
    3b
     0
     0
    40
    60
    81
    20
    40
     0
     0
    23
     0
     0
    2f
     0
     0
    44
     0
     0
    42
    79
     0
    39
    60
     1
    2f
    67
     0
    23
    67
    81
    20
    39
     0
     0
    3b
    60
    81
    1f
    3b
     0
     0
    3f
    60
    81
    1a
    b0
    40
    7f
     6
    90
    3f
     0
     0
    42
     0
     0
    47
    79
     0
    39
    60
    81
    21
    39
     0
     0
    3b
    60
    81
    1f
    3b
     0
     0
    3f
    60
    81
    21
    3f
     0
     0
    23
     0
     0
    2f
     0
     0
    47
     0
     0
    40
    79
     0
    38
    60
     1
    34
    67
     0
    28
    67
    81
    1f
    38
     0
     0
    3b
    60
    81
    1f
    3b
     0
     0
    40
    60
    81
    21
    40
     0
     0
    40
     0
     0
    38
    60
     5
    b0
    40
    7f
    81
    1b
    90
    38
     0
     0
    3b
    60
    81
    1f
    3b
     0
     0
    40
    60
    81
    21
    40
     0
     0
    38
    60
    81
    20
    38
     0
     0
    3b
    60
    81
    1f
    3b
     0
     0
    40
    60
    81
    21
    40
     0
     0
    38
    60
    81
    1f
    38
     0
     0
    3b
    60
    81
    20
    3b
     0
     0
    40
    60
    53
    b0
    40
     0
    45
    40
    7f
     9
    90
    40
     0
     0
    34
     0
     0
    28
     0
     0
    37
    60
     0
    34
    67
     1
    28
    67
    81
    1e
    37
     0
     0
    3b
    60
    81
    20
    3b
     0
     0
    40
    60
    81
    21
    40
     0
     0
    37
    60
    81
    1f
    37
     0
     0
    3b
    60
    81
    21
    3b
     0
     0
    40
    60
    81
    20
    40
     0
     0
    37
    60
    81
    1f
    37
     0
     0
    3b
    60
    81
    21
    3b
     0
     0
    40
    60
    63
    b0
    40
     0
    36
    90
    40
     0
     0
    43
    79
     6
    37
    60
    11
    b0
    40
    7f
    81
     f
    90
    37
     0
     0
    3b
    60
    81
    21
    3b
     0
     0
    40
    60
    28
    43
     0
     0
    43
    79
    77
    43
     0
     0
    40
     0
     0
    28
     0
     0
    34
     0
     0
    43
    79
     1
    37
    60
     0
    32
    67
     1
    26
    67
    81
    1e
    37
     0
     0
    3b
    60
    81
    21
    3b
     0
     0
    41
    60
    7c
    b0
    40
    7f
    23
    90
    41
     0
     0
    37
    60
    81
    20
    37
     0
     0
    3b
    60
    81
    21
    3b
     0
     0
    41
    60
    81
    1f
    41
     0
     0
    37
    60
    81
    20
    37
     0
     0
    3b
    60
    81
    21
    3b
     0
     0
    41
    60
    51
    b0
    40
     0
    49
    40
    7f
     5
    90
    41
     0
     0
    43
     0
     0
    43
    79
     1
    37
    60
    81
    20
    37
     0
     0
    3b
    60
    81
    20
    3b
     0
     0
    41
    60
    27
    43
     0
     0
    43
    79
    78
    43
     0
     0
    41
     0
     0
    32
     0
     0
    26
     0
     0
    43
    79
     1
    37
    60
     0
    30
    67
     0
    24
    67
    81
    20
    37
     0
     0
    3c
    60
    81
    20
    3c
     0
     0
    40
    60
    81
    19
    b0
    40
    7f
     6
    90
    40
     0
     0
    24
     0
     0
    30
     0
     0
    37
    60
     1
    2f
    67
     0
    23
    67
    81
    20
    37
     0
     0
    3c
    60
    81
    1f
    3c
     0
     0
    40
    60
    63
    b0
    40
     0
    3d
    90
    40
     0
     0
    23
     0
     0
    2f
     0
     0
    37
    60
     1
    2e
    67
     0
    22
    67
     e
    b0
    40
    7f
    81
    12
    90
    37
     0
     0
    3d
    60
    81
    1f
    3d
     0
     0
    40
    60
    81
    20
    40
     0
     0
    43
     0
     0
    42
    79
     0
    36
    60
    81
    21
    36
     0
     0
    3d
    60
    81
    1f
    3d
     0
     0
    40
    60
    81
    20
    40
     0
     0
    22
     0
     0
    2e
     0
     0
    42
     0
     0
    42
    79
     0
    36
    60
     1
    2f
    67
     0
    23
    67
    81
    20
    36
     0
     0
    3b
    60
    81
    1f
    3b
     0
     0
    3e
    60
    81
     1
    b0
    40
    7f
    20
    90
    3e
     0
     0
    36
    60
    81
    20
    36
     0
     0
    3b
    60
    81
    1f
    3b
     0
     0
    3e
    60
    45
    b0
    40
     0
    5c
    90
    3e
     0
     0
    23
     0
     0
    2f
     0
     0
    42
     0
     0
    43
    79
     0
    37
    60
     1
    28
    67
    81
    1f
    37
     0
     0
    3b
    60
    81
    1f
    3b
     0
     0
    3d
    60
    81
    21
    3d
     0
     0
    28
     0
     0
    43
     0
     0
    40
    79
     0
    34
    60
     1
    2b
    67
    81
    1e
    34
     0
     0
    3b
    60
    81
    20
    3b
     0
     0
    3d
    60
    81
    20
    b0
    40
    7f
     1
    90
    3d
     0
     0
    2b
     0
     0
    40
     0
     0
    42
    79
     0
    36
    60
     1
    2a
    67
    81
    1e
    36
     0
     0
    3b
    60
    81
    20
    3b
     0
     0
    3e
    60
    4f
    b0
    40
     0
    4c
    40
    7f
     6
    90
    3e
     0
     0
    36
    60
    81
    1f
    36
     0
     0
    3b
    60
    81
    21
    3b
     0
     0
    3e
    60
    47
    b0
    40
     0
    53
    90
    3e
     0
     0
    2a
     0
     0
    42
     0
     0
    b0
    40
    7f
     0
    90
    1e
    67
     6
    42
    79
     0
    36
    60
     0
    2a
    67
    81
    1f
    36
     0
     0
    3a
    60
    81
    21
    3a
     0
     0
    3d
    60
    5d
    b0
    40
     0
    43
    90
    3d
     0
     0
    36
    60
     4
    b0
    40
    7f
    81
    1b
    90
    36
     0
     0
    3a
    60
    81
    21
    3a
     0
     0
    3d
    60
    66
    b0
    40
     0
    39
    90
    3d
     0
     0
    2a
     0
     0
    42
     0
     0
    1e
     0
     0
    3b
    79
     1
    2f
    67
     0
    23
    67
     a
    b0
    40
    7f
    81
     f
    90
    3e
    60
    81
    27
    3e
     0
     0
    42
    60
    58
    b0
    40
     0
    47
    90
    42
     0
     0
    3b
     0
     0
    3b
    60
     5
    b0
    40
    7f
    81
    1b
    90
    3b
     0
     0
    3e
    60
    81
    21
    3e
     0
     0
    42
    60
    81
    1f
    42
     0
     0
    3b
    60
    81
    20
    3b
     0
     0
    3f
    60
    81
    21
    3f
     0
     0
    42
    60
    47
    b0
    40
     0
    48
    40
    7f
     a
    90
    42
     0
     0
    47
    79
     6
    3b
    60
    81
    21
    3b
     0
     0
    3f
    60
    81
    20
    3f
     0
     0
    42
    60
    57
    b0
    40
     0
    43
    40
    7f
     5
    90
    42
     0
     0
    47
     0
     0
    48
    79
     1
    3b
    60
    81
    20
    3b
     0
     0
    40
    60
    81
    20
    40
     0
     0
    43
    60
    4b
    b0
    40
     0
    49
    40
    7f
     b
    90
    43
     0
     0
    2f
     0
     0
    23
     0
     0
    3b
    60
     1
    34
    72
     0
    28
    72
    81
    20
    3b
     0
     0
    40
    60
    81
    20
    40
     0
     0
    43
    60
    39
    b0
    40
     0
    66
    90
    43
     0
     0
    28
     0
     0
    34
     0
     0
    3b
    60
     1
    37
    72
     0
    2b
    72
    81
    20
    3b
     0
     0
    40
    60
    81
    1f
    40
     0
     0
    43
    60
    81
    20
    43
     0
     0
    48
     0
     0
    37
     0
     0
    2b
     0
     0
    46
    79
     0
    3b
    60
     1
    b0
    40
    7f
     0
    90
    34
    67
     0
    28
    67
    81
    20
    3b
     0
     0
    40
    60
    81
    1f
    40
     0
     0
    43
    60
    45
    b0
    40
     0
    5b
    90
    43
     0
     0
    46
     0
     0
    34
     0
     0
    28
     0
     0
    47
    79
     0
    3b
    60
     1
    2f
    67
     0
    23
    67
    81
    20
    3b
     0
     0
    3f
    60
    81
    1f
    3f
     0
     0
    42
    60
    81
     c
    b0
    40
    7f
    15
    90
    42
     0
     0
    3b
    60
    81
    20
    3b
     0
     0
    3f
    60
    81
    1f
    3f
     0
     0
    42
    60
    56
    b0
    40
     0
    3f
    40
    7f
     c
    90
    42
     0
     0
    3b
    60
    81
    20
    3b
     0
     0
    3f
    60
    81
    1f
    3f
     0
     0
    42
    60
    65
    b0
    40
     0
    3c
    90
    42
     0
     0
    47
     0
     0
    47
    79
     0
    3b
    60
     7
    b0
    40
    7f
    81
    19
    90
    3b
     0
     0
    3f
    60
    81
    1f
    3f
     0
     0
    42
    60
    57
    b0
    40
     0
    42
    40
    7f
     8
    90
    42
     0
     0
    47
     0
     0
    48
    79
     0
    3b
    60
    81
    1f
    3b
     0
     0
    40
    60
    81
    20
    40
     0
     0
    43
    60
    4f
    b0
    40
     0
    43
    40
    7f
     f
    90
    43
     0
     0
    23
     0
     0
    2f
     0
     0
    34
    72
     0
    3b
    60
     1
    28
    72
    81
    1e
    3b
     0
     0
    40
    60
    81
    20
    40
     0
     0
    43
    60
    37
    b0
    40
     0
    49
    40
    7f
    21
    90
    43
     0
     0
    28
     0
     0
    34
     0
     0
    37
    72
     0
    2b
    72
     0
    3b
    60
    81
    1f
    3b
     0
     0
    40
    60
    81
    21
    40
     0
     0
    43
    60
    4b
    b0
    40
     0
    55
    90
    43
     0
     0
    48
     0
     0
    37
     0
     0
    2b
     0
     0
    46
    79
     0
    3b
    60
     0
    34
    67
     1
    28
    67
    81
    1e
    3b
     0
     0
    40
    60
    81
    21
    40
     0
     0
    43
    60
    81
    20
    43
     0
     0
    46
     0
     0
    34
     0
     0
    28
     0
     0
    47
    79
     0
    3b
    60
     0
    2f
    67
     1
    23
    67
    81
    1e
    3b
     0
     0
    3f
    60
    81
    21
    3f
     0
     0
    42
    60
    81
    20
    42
     0
     0
    3b
    60
     4
    b0
    40
    7f
    81
    1b
    90
    3b
     0
     0
    3f
    60
    81
    21
    3f
     0
     0
    42
    60
    52
    b0
    40
     0
    4d
    90
    42
     0
     0
    23
     0
     0
    2f
     0
     0
    47
     0
     0
    47
    79
     1
    3b
    60
     0
    2c
    67
     1
    20
    67
    81
    1e
    3b
     0
     0
    3e
    60
    81
    21
    3e
     0
     0
    41
    60
    81
    1f
    41
     0
     0
    3b
    60
     3
    b0
    40
    7f
    81
    1d
    90
    3b
     0
     0
    3e
    60
    81
    21
    3e
     0
     0
    41
    60
    40
    b0
    40
     0
    5f
    90
    41
     0
     0
    20
     0
     0
    2c
     0
     0
    47
     0
     0
    47
    79
     1
    3b
    60
     0
    29
    67
     0
    1d
    67
    81
    20
    3b
     0
     0
    3d
    60
    81
    20
    3d
     0
     0
    44
    60
    7f
    b0
    40
    7f
    20
    90
    44
     0
     0
    3b
    60
    81
    21
    3b
     0
     0
    3d
    60
    81
    20
    3d
     0
     0
    44
    60
    2f
    b0
    40
     0
    70
    90
    44
     0
     0
    1d
     0
     0
    29
     0
     0
    47
     0
     0
    45
    79
     1
    39
    60
     0
    2a
    67
     0
    1e
    67
    81
    20
    39
     0
     0
    3d
    60
    81
    1f
    3d
     0
     0
    42
    60
    81
     9
    b0
    40
    7f
    17
    90
    42
     0
     0
    39
    60
    81
    21
    39
     0
     0
    3d
    60
    81
    1f
    3d
     0
     0
    42
    60
    4d
    b0
    40
     0
    53
    90
    42
     0
     0
    1e
     0
     0
    2a
     0
     0
    45
     0
     0
    43
    79
     0
    37
    60
     1
    2f
    67
     0
    23
    67
    81
    20
    37
     0
     0
    3b
    60
    81
    1f
    3b
     0
     0
    3e
    60
    81
     e
    b0
    40
    7f
    13
    90
    3e
     0
     0
    37
    60
    81
    20
    37
     0
     0
    3b
    60
    81
    1f
    3b
     0
     0
    3e
    60
    35
    b0
    40
     0
    6c
    90
    3e
     0
     0
    23
     0
     0
    2f
     0
     0
    43
     0
     0
    42
    79
     0
    36
    60
     1
    30
    67
     0
    24
    67
    81
    1f
    36
     0
     0
    39
    60
    81
    1f
    39
     0
     0
    3f
    60
    7a
    b0
    40
    7f
    27
    90
    3f
     0
     0
    36
    60
    81
    1f
    36
     0
     0
    39
    60
    81
    20
    39
     0
     0
    3f
    60
    64
    b0
    40
     0
    3d
    90
    3f
     0
     0
    24
     0
     0
    30
     0
     0
    42
     0
     0
    3d
    79
     0
    31
    60
     1
    25
    67
     0
    19
    67
     f
    b0
    40
    7f
    81
     f
    90
    31
     0
     0
    36
    60
    81
    20
    36
     0
     0
    39
    60
    4d
    b0
    40
     0
    51
    40
    7f
     3
    90
    39
     0
     0
    31
    60
    81
    1f
    31
     0
     0
    36
    60
    81
    20
    36
     0
     0
    39
    60
    43
    b0
    40
     0
    55
    40
    7f
     9
    90
    39
     0
     0
    19
     0
     0
    25
     0
     0
    3d
     0
     0
    3d
    79
     0
    31
    60
     0
    25
    67
     1
    19
    67
    81
    1e
    31
     0
     0
    36
    60
    81
    21
    36
     0
     0
    38
    60
    36
    b0
    40
     0
    55
    40
    7f
    15
    90
    38
     0
     0
    3d
     0
     0
    3d
    79
     0
    31
    60
    81
    1f
    31
     0
     0
    35
    60
    81
    21
    35
     0
     0
    38
    60
    2d
    b0
    40
     0
    6e
    90
    38
     0
     0
    19
     0
     0
    25
     0
     0
    3d
     0
     0
    25
    67
     5
    36
    60
     0
    2a
    67
     0
    1e
    67
    81
    1f
    36
     0
     0
    39
    60
    81
    21
    39
     0
     0
    3d
    60
    81
    20
    3d
     0
     0
    39
    60
     f
    b0
    40
    7f
    81
    10
    90
    39
     0
     0
    3d
    60
    81
    21
    3d
     0
     0
    42
    60
    3f
    b0
    40
     0
    4c
    40
    7f
    14
    90
    42
     0
     0
    3d
    60
    81
    20
    3d
     0
     0
    42
    60
    81
    21
    42
     0
     0
    45
    60
    4e
    b0
    40
     0
    48
    40
    7f
     3
    90
    45
     0
     0
    49
    79
     6
    3d
    60
    81
    20
    3d
     0
     0
    42
    60
    81
    21
    42
     0
     0
    45
    60
    28
    49
     0
     0
    49
    79
    1e
    b0
    40
     0
    59
    90
    49
     0
     0
    45
     0
     0
    1e
     0
     0
    2a
     0
     0
    25
     0
     0
    49
    79
     1
    3d
    60
     0
    35
    67
     0
    29
    67
     1
    31
    67
    1c
    b0
    40
    7f
    81
     3
    90
    3d
     0
     0
    44
    60
    81
    20
    44
     0
     0
    47
    60
    81
    1f
    47
     0
     0
    3d
    60
    11
    b0
    40
    7f
    81
    10
    90
    3d
     0
     0
    44
    60
    81
    20
    44
     0
     0
    47
    60
    58
    b0
    40
     0
    47
    90
    47
     0
     0
    3d
    60
     2
    b0
    40
    7f
    81
    1f
    90
    3d
     0
     0
    44
    60
    81
    20
    44
     0
     0
    47
    60
    4f
    b0
    40
     0
    50
    90
    47
     0
     0
    49
     0
     0
    b0
    40
    7f
     0
    90
    49
    79
     1
    3d
    60
    81
    20
    3d
     0
     0
    44
    60
    81
    1f
    44
     0
     0
    47
    60
    28
    49
     0
     0
    49
    79
    18
    b0
    40
     0
    60
    90
    49
     0
     0
    47
     0
     0
    31
     0
     0
    35
     0
     0
    29
     0
     0
    49
    79
     0
    3d
    60
     1
    36
    67
     0
    2a
    67
    81
    20
    3d
     0
     0
    42
    60
    81
    1f
    42
     0
     0
    45
    60
    81
    1e
    b0
    40
    7f
     2
    90
    45
     0
     0
    3d
    60
    81
    21
    3d
     0
     0
    42
    60
    81
    1f
    42
     0
     0
    45
    60
    4c
    b0
    40
     0
    53
    40
    7f
     2
    90
    45
     0
     0
    2a
     0
     0
    36
     0
     0
    49
     0
     0
    48
    79
     0
    3c
    60
     1
    33
    67
     0
    27
    67
    81
    1f
    3c
     0
     0
    42
    60
    81
    1f
    42
     0
     0
    45
    60
    35
    b0
    40
     0
    6c
    90
    45
     0
     0
    48
     0
     0
    33
     0
     0
    27
     0
     0
    49
    79
     0
    3d
    60
     1
    31
    67
     0
    25
    67
    81
    1f
    3d
     0
     0
    42
    60
    81
    1f
    42
     0
     0
    45
    60
    81
    1c
    45
     0
     0
    49
     0
     0
    31
     0
     0
    25
     0
     0
    2c
    67
     5
    4b
    7f
     0
    3f
    60
     1
    30
    67
     0
    24
    67
    81
    1f
    3f
     0
     0
    42
    60
    81
    1f
    42
     0
     0
    44
    60
    81
    21
    44
     0
     0
    3f
    60
     2
    b0
    40
    7f
    81
    1d
    90
    3f
     0
     0
    42
    60
    81
    20
    42
     0
     0
    44
    60
    26
    b0
    40
     0
    50
    40
    7f
    2b
    90
    44
     0
     0
    3f
    60
    81
    1f
    3f
     0
     0
    42
    60
    81
    20
    42
     0
     0
    44
    60
    13
    b0
    40
     0
    81
     e
    90
    44
     0
     0
    30
     0
     0
    2c
     0
     0
    4b
     0
     0
    24
     0
     0
    4b
    7f
     0
    3f
    60
     0
    30
    67
     1
    24
    67
     0
    2c
    67
    81
    1e
    3f
     0
     0
    42
    60
    81
    21
    42
     0
     0
    44
    60
    81
    20
    44
     0
     0
    24
     0
     0
    4b
     0
     0
    30
     0
     0
    2c
     0
     0
    4c
    7f
     0
    40
    60
     0
    31
    67
     1
    25
    67
     0
    2c
    67
    81
    1e
    40
     0
     0
    44
    60
    81
    21
    44
     0
     0
    49
    60
    81
    16
    b0
    40
    7f
     a
    90
    49
     0
     0
    40
    60
    81
    1f
    40
     0
     0
    44
    60
    81
    21
    44
     0
     0
    49
    60
    22
    b0
    40
     0
    5d
    40
    7f
    20
    90
    49
     0
     0
    2c
     0
     0
    4c
     0
     0
    31
     0
     0
    25
     0
     0
    4b
    7d
     1
    3f
    60
     0
    2a
    67
     1
    1e
    67
    81
    1e
    3f
     0
     0
    42
    60
    81
    21
    42
     0
     0
    45
    60
    34
    b0
    40
     0
    6b
    90
    45
     0
     0
    4b
     0
     0
    2a
     0
     0
    1e
     0
     0
    49
    7b
     1
    3d
    60
     0
    2b
    67
     1
    1f
    67
    81
    1e
    3d
     0
     0
    40
    60
    81
    21
    40
     0
     0
    46
    60
    81
    1f
    46
     0
     0
    49
     0
     0
    2b
     0
     0
    1f
     0
     0
    48
    72
     1
    2c
    67
     0
    20
    67
    81
    1f
    48
     0
     0
    3c
    67
    81
    21
    3c
     0
     0
    3f
    67
    81
     0
    b0
    40
    7f
    19
    90
    3f
     0
     0
    44
    79
    81
    20
    3c
    67
    81
    27
    3c
     0
     0
    3f
    67
    2f
    b0
    40
     0
    5e
    40
    7f
    12
    90
    3f
     0
     0
    44
     0
     0
    45
    79
    81
    1a
    3c
    67
    81
    27
    3c
     0
     0
    3f
    67
    60
    b0
    40
     0
    3f
    90
    3f
     0
     0
    45
     0
     0
    42
    79
    10
    b0
    40
    7f
    81
     a
    90
    3c
    67
    81
    26
    3c
     0
     0
    3f
    67
    36
    b0
    40
     0
    56
    40
    7f
    14
    90
    3f
     0
     0
    42
     0
     0
    20
     0
     0
    2c
     0
     0
    2c
    67
     1
    20
    67
    81
    19
    3c
    67
    81
    26
    3c
     0
     0
    3f
    67
    47
    b0
    40
     0
    52
    90
    38
    79
     8
    b0
    40
    7f
    81
    19
    90
    3f
     0
     0
    3c
    67
    81
    26
    3c
     0
     0
    3f
    67
    54
    b0
    40
     0
    4d
    90
    3f
     0
     0
    38
     0
     0
    39
    79
     8
    b0
    40
    7f
    81
    11
    90
    3c
    67
    81
    26
    3c
     0
     0
    3f
    67
    54
    b0
    40
     0
    4b
    40
    7f
     2
    90
    3f
     0
     0
    39
     0
     0
    36
    79
    81
    19
    3c
    67
    81
    26
    3c
     0
     0
    3f
    67
    2b
    b0
    40
     0
    76
    90
    3f
     0
     0
    36
     0
     0
    20
     0
     0
    2c
     0
     0
    34
    67
     0
    2c
    67
     1
    20
    67
    81
    1f
    34
     0
     0
    40
    67
    81
    1f
    40
     0
     0
    44
    67
    81
     7
    b0
    40
    7f
    13
    90
    49
    79
    81
    20
    44
     0
     0
    40
    67
    81
    26
    40
     0
     0
    44
    67
    29
    b0
    40
     0
    60
    40
    7f
    18
    90
    44
     0
     0
    49
     0
     0
    4c
    79
    81
    19
    40
    67
    81
    26
    40
     0
     0
    44
    67
    4f
    b0
    40
     0
    4a
    40
    7f
     8
    90
    44
     0
     0
    4c
     0
     0
    49
    79
    81
    19
    40
    67
    81
    27
    40
     0
     0
    44
    67
    44
    b0
    40
     0
    4f
    40
    7f
     d
    90
    44
     0
     0
    49
     0
     0
    20
     0
     0
    2c
     0
     0
    2c
    67
     0
    20
    67
    81
    19
    34
    67
    81
    27
    34
     0
     0
    38
    67
    36
    b0
    40
     0
    54
    40
    7f
     f
    90
    38
     0
     0
    3d
    79
    81
    20
    34
    67
    81
    27
    34
     0
     0
    38
    67
    56
    b0
    40
     0
    47
    40
    7f
     2
    90
    38
     0
     0
    3d
     0
     0
    40
    79
    81
    1a
    34
    67
    81
    27
    34
     0
     0
    38
    67
    42
    b0
    40
     0
    4e
    40
    7f
     f
    90
    38
     0
     0
    40
     0
     0
    3d
    79
    81
    1a
    34
    67
    81
    27
    34
     0
     0
    38
    67
    4a
    b0
    40
     0
    4a
    40
    7f
     b
    90
    38
     0
     0
    3d
     0
     0
    20
     0
     0
    2c
     0
     0
    33
    67
     1
    2c
    67
     0
    20
    67
    81
    1f
    33
     0
     0
    39
    67
    81
    21
    39
     0
     0
    36
    67
    81
    1f
    36
     0
     0
    3c
    67
    81
    21
    3c
     0
     0
    39
    67
    81
    20
    39
     0
     0
    3f
    67
    81
    1f
    3f
     0
     0
    3c
    67
    81
    21
    3c
     0
     0
    42
    67
    81
    20
    42
     0
     0
    3f
    67
    81
    1f
    3f
     0
     0
    45
    67
    81
    21
    45
     0
     0
    42
    67
    81
    20
    42
     0
     0
    48
    67
    3d
    b0
    40
     0
    56
    40
    7f
     c
    90
    48
     0
     0
    20
     0
     0
    2c
     0
     0
    34
    67
     1
    2c
    67
     0
    20
    67
    81
    20
    34
     0
     0
    3d
    67
    81
    1f
    3d
     0
     0
    38
    67
    81
    20
    38
     0
     0
    40
    67
    81
    21
    40
     0
     0
    3d
    67
    81
    1f
    3d
     0
     0
    44
    67
    81
    20
    44
     0
     0
    40
    67
    81
    21
    40
     0
     0
    49
    67
    81
    1f
    49
     0
     0
    44
    67
    81
    21
    44
     0
     0
    4c
    67
    81
    20
    4c
     0
     0
    49
    67
    81
    1f
    49
     0
     0
    44
    67
    81
    21
    44
     0
     0
    20
     0
     0
    2c
     0
     0
    3d
    67
     0
    2c
    67
     1
    20
    67
    81
    1f
    3d
     0
     0
    43
    67
    81
    1f
    43
     0
     0
    40
    67
    81
    21
    40
     0
     0
    46
    67
    81
    20
    46
     0
     0
    43
    67
    81
    1f
    43
     0
     0
    49
    67
    81
    21
    49
     0
     0
    46
    67
    81
    1f
    46
     0
     0
    4c
    67
    81
    20
    4c
     0
     0
    49
    67
    81
    21
    49
     0
     0
    4f
    67
    81
    1f
    4f
     0
     0
    4c
    67
    81
    20
    4c
     0
     0
    52
    67
    4b
    b0
    40
     0
    4c
    40
    7f
     a
    90
    52
     0
     0
    20
     0
     0
    2c
     0
     0
    42
    67
     0
    2c
    67
     0
    20
    67
    81
    1f
    42
     0
     0
    48
    67
    81
    21
    48
     0
     0
    45
    67
    81
    20
    45
     0
     0
    4b
    67
    81
    1f
    4b
     0
     0
    48
    67
    81
    21
    48
     0
     0
    4e
    67
    81
    20
    4e
     0
     0
    4b
    67
    81
    1f
    4b
     0
     0
    51
    67
    81
    21
    51
     0
     0
    4e
    67
    81
    20
    4e
     0
     0
    54
    67
    81
    1f
    54
     0
     0
    51
    67
    81
    21
    51
     0
     0
    57
    67
    81
    1f
    57
     0
     0
    54
    67
    81
    20
    54
     0
     0
    4e
    67
    81
    21
    4e
     0
     0
    51
    67
    81
    1f
    51
     0
     0
    4b
    67
    81
    20
    4b
     0
     0
    4e
    67
    81
    21
    4e
     0
     0
    48
    67
    81
    1f
    48
     0
     0
    4b
    67
    81
    21
    4b
     0
     0
    45
    67
    81
    20
    45
     0
     0
    48
    67
    81
    1f
    48
     0
     0
    42
    67
    81
    21
    42
     0
     0
    45
    67
    81
    20
    45
     0
     0
    3f
    67
    81
    1f
    3f
     0
     0
    42
    67
    81
    21
    42
     0
     0
    3c
    67
    81
    1f
    3c
     0
     0
    3f
    67
    81
    20
    3f
     0
     0
    39
    67
    81
    21
    39
     0
     0
    3c
    67
    81
    1f
    3c
     0
     0
    36
    67
    81
    20
    36
     0
     0
    39
    67
    81
    1a
    39
     0
     0
    33
    79
    81
    20
    36
    67
    81
    27
    36
     0
     0
    33
     0
     0
    31
    79
    81
    19
    36
    67
     d
    b0
    40
     0
    81
    19
    90
    36
     0
     0
    39
    67
    81
    21
    39
     0
     0
    31
     0
     0
    20
     0
     0
    2c
     0
     0
    30
    79
     0
    2c
    67
     1
    20
    67
     2
    b0
    40
    7f
    81
    16
    90
    36
    67
    81
    26
    36
     0
     0
    38
    67
    56
    b0
    40
     0
    4b
    90
    38
     0
     0
    39
    67
    81
    20
    39
     0
     0
    38
    67
    81
    1f
    38
     0
     0
    36
    67
    81
    20
    b0
    40
    7f
     1
    90
    36
     0
     0
    30
     0
     0
    33
    79
    81
    19
    36
    67
    81
    26
    36
     0
     0
    39
    67
    40
    b0
    40
     0
    61
    90
    39
     0
     0
    33
     0
     0
    31
    79
    81
    19
    36
    67
    81
    26
    36
     0
     0
    39
    67
    81
    21
    39
     0
     0
    31
     0
     0
    20
     0
     0
    2c
     0
     0
    30
    79
     0
    2c
    67
     0
    20
    67
    81
    19
    36
    67
    81
    27
    36
     0
     0
    38
    67
    81
    16
    b0
    40
    7f
     a
    90
    38
     0
     0
    39
    67
    81
    1f
    39
     0
     0
    38
    67
    81
    21
    38
     0
     0
    36
    67
    4e
    b0
    40
     0
    52
    90
    36
     0
     0
    30
     0
     0
    32
    79
    81
    19
    36
    67
    81
    27
    36
     0
     0
    39
    67
    81
    1f
    39
     0
     0
    32
     0
     0
    31
    79
    81
    1a
    36
    67
    81
    27
    36
     0
     0
    39
    67
    81
    1f
    39
     0
     0
    31
     0
     0
    20
     0
     0
    2c
     0
     0
    30
    79
     1
    2c
    67
     0
    20
    67
    81
    19
    36
    67
    81
    27
    36
     0
     0
    38
    67
    81
     0
    b0
    40
    7f
    1f
    90
    38
     0
     0
    39
    67
    81
    20
    39
     0
     0
    38
    67
    81
    21
    38
     0
     0
    36
    67
    53
    b0
    40
     0
    47
    40
    7f
     5
    90
    36
     0
     0
    30
     0
     0
    2c
     0
     0
    20
     0
     0
    31
    67
     1
    2d
    67
     0
    21
    67
    81
    20
    31
     0
     0
    34
    67
    81
    20
    34
     0
     0
    3d
    67
    6c
    b0
    40
     0
    33
    90
    3d
     0
     0
    31
    67
    10
    b0
    40
    7f
    81
    11
    90
    31
     0
     0
    34
    67
    81
    20
    34
     0
     0
    3d
    67
    40
    b0
    40
     0
    4e
    40
    7f
    11
    90
    3d
     0
     0
    21
     0
     0
    2d
     0
     0
    33
    67
     1
    2a
    67
     0
    1e
    67
    81
    20
    33
     0
     0
    39
    67
    81
    20
    39
     0
     0
    3d
    67
    45
    b0
    40
     0
    49
    40
    7f
    11
    90
    3d
     0
     0
    33
    67
    81
    21
    33
     0
     0
    39
    67
    81
    1f
    39
     0
     0
    3d
    67
    20
    b0
    40
     0
    52
    40
    7f
    2e
    90
    3d
     0
     0
    1e
     0
     0
    2a
     0
     0
    33
    67
     0
    2c
    67
     1
    20
    67
    81
    20
    33
     0
     0
    38
    67
    81
    1f
    38
     0
     0
    3c
    67
    65
    b0
    40
     0
    3b
    90
    3c
     0
     0
    33
    67
     2
    b0
    40
    7f
    81
    1f
    90
    33
     0
     0
    36
    67
    81
    1f
    36
     0
     0
    3c
    67
    62
    b0
    40
     0
    3a
    90
    3c
     0
     0
    20
     0
     0
    2c
     0
     0
    2c
    67
     4
    b0
    40
    7f
     1
    90
    34
    67
     0
    31
    67
     1
    25
    67
    81
    1f
    34
     0
     0
    38
    67
    81
    1f
    38
     0
     0
    3d
    67
    74
    b0
    40
     0
    2d
    90
    3d
     0
     0
    38
    67
    14
    b0
    40
    7f
    81
     c
    90
    38
     0
     0
    3d
    67
    81
    1f
    3d
     0
     0
    40
    67
    60
    b0
    40
     0
    41
    90
    40
     0
     0
    38
    67
     6
    b0
    40
    7f
    81
    1a
    90
    38
     0
     0
    3d
    67
    81
    1f
    3d
     0
     0
    40
    67
    47
    b0
    40
     0
    4c
    40
    7f
     7
    90
    44
    79
     7
    40
     0
     0
    38
    67
    81
    1f
    38
     0
     0
    3d
    67
    81
    20
    3d
     0
     0
    40
    67
    29
    44
     0
     0
    44
    79
    2a
    b0
    40
     0
    4e
    90
    44
     0
     0
    40
     0
     0
    2c
     0
     0
    31
     0
     0
    25
     0
     0
    44
    79
     0
    38
    67
     0
    30
    67
     1
    24
    67
     0
    2c
    67
    81
    1e
    38
     0
     0
    3f
    67
    81
    20
    3f
     0
     0
    42
    67
    81
    21
    42
     0
     0
    38
    67
     1
    b0
    40
    7f
    81
    1e
    90
    38
     0
     0
    3f
    67
    81
    21
    3f
     0
     0
    42
    67
    5d
    b0
    40
     0
    43
    90
    42
     0
     0
    38
    67
     5
    b0
    40
    7f
    81
    1a
    90
    38
     0
     0
    3f
    67
    81
    21
    3f
     0
     0
    42
    67
    40
    b0
    40
     0
    4c
    40
    7f
    14
    90
    42
     0
     0
    44
     0
     0
    44
    79
     0
    38
    67
    81
    1f
    38
     0
     0
    3f
    67
    81
    21
    3f
     0
     0
    42
    67
    28
    44
     0
     0
    44
    79
    24
    b0
    40
     0
    53
    90
    44
     0
     0
    42
     0
     0
    2c
     0
     0
    30
     0
     0
    24
     0
     0
    44
    79
     1
    38
    67
     0
    31
    67
     1
    25
    67
    81
    1e
    38
     0
     0
    3d
    67
    81
    21
    3d
     0
     0
    40
    67
    81
    14
    b0
    40
    7f
     b
    90
    40
     0
     0
    38
    67
    81
    20
    38
     0
     0
    3d
    67
    81
    21
    3d
     0
     0
    40
    67
    44
    b0
    40
     0
    46
    40
    7f
    15
    90
    40
     0
     0
    25
     0
     0
    31
     0
     0
    44
     0
     0
    45
    79
     1
    39
    67
     0
    2a
    67
     1
    1e
    67
    81
    1e
    39
     0
     0
    3d
    67
    81
    21
    3d
     0
     0
    42
    67
    41
    b0
    40
     0
    4d
    40
    7f
    11
    90
    42
     0
     0
    39
    67
    81
    21
    39
     0
     0
    3d
    67
    81
    20
    3d
     0
     0
    42
    67
    3a
    b0
    40
     0
    65
    90
    42
     0
     0
    1e
     0
     0
    2a
     0
     0
    45
     0
     0
    44
    79
     1
    38
    67
     0
    2f
    67
     0
    23
    67
    81
    20
    38
     0
     0
    3b
    67
    81
    20
    3b
     0
     0
    40
    67
    81
    19
    b0
    40
    7f
     6
    90
    40
     0
     0
    38
    67
    81
    21
    38
     0
     0
    3b
    67
    81
    20
    3b
     0
     0
    40
    67
    4c
    b0
    40
     0
    53
    90
    40
     0
     0
    23
     0
     0
    2f
     0
     0
    44
     0
     0
    42
    79
     1
    39
    67
     0
    2f
    67
     0
    23
    67
    81
    20
    39
     0
     0
    3b
    67
    81
    1f
    3b
     0
     0
    3f
    67
    81
     b
    b0
    40
    7f
    15
    90
    3f
     0
     0
    42
     0
     0
    47
    79
     0
    39
    67
    81
    21
    39
     0
     0
    3b
    67
    81
    1f
    3b
     0
     0
    3f
    67
    52
    b0
    40
     0
    4e
    90
    3f
     0
     0
    23
     0
     0
    2f
     0
     0
    47
     0
     0
    40
    79
     0
    38
    67
     1
    34
    67
     0
    28
    67
     1
    b0
    40
    7f
    81
    1f
    90
    38
     0
     0
    3b
    67
    81
    1f
    3b
     0
     0
    40
    67
    81
    21
    40
     0
     0
    40
     0
     0
    3b
    67
    81
    20
    3b
     0
     0
    40
    67
    81
    1f
    40
     0
     0
    44
    67
    81
    21
    44
     0
     0
    3b
    67
    81
    20
    3b
     0
     0
    40
    67
    81
    1f
    40
     0
     0
    44
    67
    81
    1a
    47
    79
     7
    44
     0
     0
    3b
    67
    81
    1f
    3b
     0
     0
    40
    67
    81
    20
    40
     0
     0
    44
    67
    28
    47
     0
     0
    47
    79
    29
    b0
    40
     0
    47
    40
    7f
     9
    90
    47
     0
     0
    44
     0
     0
    34
     0
     0
    28
     0
     0
    47
    79
     0
    3b
    67
     1
    33
    67
     0
    27
    67
    81
    1e
    3b
     0
     0
    42
    67
    81
    20
    42
     0
     0
    45
    67
    81
    21
    45
     0
     0
    3b
    67
    81
    1f
    3b
     0
     0
    42
    67
    81
    21
    42
     0
     0
    45
    67
    81
    20
    45
     0
     0
    3b
    67
    81
    1f
    3b
     0
     0
    42
    67
    81
    21
    42
     0
     0
    45
    67
    29
    b0
    40
     0
    56
    40
    7f
    21
    90
    45
     0
     0
    47
     0
     0
    47
    79
     0
    3b
    67
    81
    1f
    3b
     0
     0
    42
    67
    81
    21
    42
     0
     0
    45
    67
    28
    47
     0
     0
    47
    79
     a
    b0
    40
     0
    6e
    90
    47
     0
     0
    45
     0
     0
    33
     0
     0
    27
     0
     0
    47
    79
     0
    3b
    67
     0
    34
    67
     1
    28
    67
    81
    1e
    3b
     0
     0
    40
    67
    81
    21
    40
     0
     0
    44
    67
    81
    1f
    44
     0
     0
    3b
    67
    14
    b0
    40
    7f
    81
     c
    90
    3b
     0
     0
    40
    67
    81
    21
    40
     0
     0
    44
    67
    33
    b0
    40
     0
    50
    40
    7f
    1c
    90
    44
     0
     0
    28
     0
     0
    34
     0
     0
    47
     0
     0
    48
    79
     1
    3c
    67
     0
    33
    67
     1
    27
    67
    81
    1e
    3c
     0
     0
    42
    67
    81
    21
    42
     0
     0
    44
    67
    44
    b0
    40
     0
    5b
    90
    44
     0
     0
    48
     0
     0
    33
     0
     0
    27
     0
     0
    49
    79
     1
    3d
    67
     0
    31
    67
     0
    25
    67
    81
    20
    3d
     0
     0
    40
    67
    81
    20
    40
     0
     0
    44
    67
    81
    18
    b0
    40
    7f
     2
    90
    44
     0
     0
    49
     0
     0
    31
     0
     0
    25
     0
     0
    2c
    67
     5
    4b
    79
     1
    3f
    67
     0
    30
    67
     0
    24
    67
    81
    20
    3f
     0
     0
    42
    67
    81
    20
    42
     0
     0
    44
    67
    61
    b0
    40
     0
    3e
    90
    44
     0
     0
    3f
    67
     2
    b0
    40
    7f
    81
    1f
    90
    3f
     0
     0
    42
    67
    81
    20
    42
     0
     0
    44
    67
    32
    b0
    40
     0
    52
    40
    7f
    1b
    90
    44
     0
     0
    24
     0
     0
    2c
     0
     0
    4b
     0
     0
    30
     0
     0
    4c
    79
     1
    40
    67
     0
    31
    67
     0
    25
    67
     1
    2c
    67
    81
    1f
    40
     0
     0
    44
    67
    81
    1f
    44
     0
     0
    49
    67
    67
    b0
    40
     0
    39
    90
    49
     0
     0
    b0
    40
    7f
     0
    90
    40
    67
    81
    21
    40
     0
     0
    44
    67
    81
    1f
    44
     0
     0
    49
    67
    5b
    b0
    40
     0
    3d
    40
    7f
     8
    90
    49
     0
     0
    2c
     0
     0
    4c
     0
     0
    31
     0
     0
    25
     0
     0
    4a
    79
     0
    3e
    67
     1
    2a
    67
     0
    1e
    67
    81
    20
    3e
     0
     0
    42
    67
    81
    1f
    42
     0
     0
    45
    67
    4b
    b0
    40
     0
    4e
    40
    7f
     8
    90
    45
     0
     0
    3e
    67
    81
    20
    3e
     0
     0
    42
    67
    81
    1f
    42
     0
     0
    45
    67
    44
    b0
    40
     0
    5d
    90
    45
     0
     0
    1e
     0
     0
    2a
     0
     0
    4a
     0
     0
    48
    79
     0
    3c
    67
     1
    2c
    67
     0
    20
    67
    81
    1f
    3c
     0
     0
    42
    67
    81
    1f
    42
     0
     0
    44
    67
    81
    21
    44
     0
     0
    3c
    67
     4
    b0
    40
    7f
    81
    1c
    90
    3c
     0
     0
    42
    67
    81
    1f
    42
     0
     0
    44
    67
    42
    b0
    40
     0
    49
    40
    7f
    16
    90
    44
     0
     0
    20
     0
     0
    2c
     0
     0
    48
     0
     0
    49
    79
     0
    3d
    67
     1
    31
    67
     0
    25
    67
    81
    1e
    3d
     0
     0
    40
    67
    81
    20
    40
     0
     0
    44
    67
    81
    21
    44
     0
     0
    3d
    67
    81
    1f
    3d
     0
     0
    40
    67
    81
    20
    40
     0
     0
    44
    67
    81
    21
    44
     0
     0
    3d
    67
     9
    b0
    40
     0
    81
    16
    90
    3d
     0
     0
    41
    67
    81
    21
    41
     0
     0
    44
    67
    81
    20
    44
     0
     0
    49
     0
     0
    49
    79
     0
    3d
    67
    81
    1f
    3d
     0
     0
    41
    67
    81
    21
    41
     0
     0
    44
    67
    81
    1b
    b0
    40
    7f
     5
    90
    44
     0
     0
    49
     0
     0
    4a
    79
     0
    3d
    67
    81
    1f
    3d
     0
     0
    42
    67
    81
    21
    42
     0
     0
    45
    67
    4b
    b0
    40
     0
    46
    40
    7f
     f
    90
    45
     0
     0
    25
     0
     0
    31
     0
     0
    2a
    77
     0
    36
    72
     0
    3d
    67
    81
    1f
    3d
     0
     0
    42
    67
    81
    21
    42
     0
     0
    45
    67
    46
    b0
    40
     0
    44
    40
    7f
    15
    90
    45
     0
     0
    36
     0
     0
    2a
     0
     0
    3d
    67
     1
    39
    72
     0
    2d
    67
    81
    1f
    3d
     0
     0
    42
    67
    81
    21
    42
     0
     0
    45
    67
    40
    b0
    40
     0
    5f
    90
    45
     0
     0
    4a
     0
     0
    39
     0
     0
    2d
     0
     0
    48
    79
     1
    3d
    67
     0
    36
    67
     1
    2a
    67
    81
    1e
    3d
     0
     0
    42
    67
    81
    21
    42
     0
     0
    45
    67
    81
    1f
    45
     0
     0
    48
     0
     0
    36
     0
     0
    2a
     0
     0
    49
    79
     1
    25
    77
     0
    3d
    67
     0
    31
    67
     3
    b0
    40
    7f
    81
    1d
    90
    3d
     0
     0
    41
    67
    81
    20
    41
     0
     0
    44
    67
    81
    1f
    44
     0
     0
    3d
    67
    81
    21
    3d
     0
     0
    41
    67
    81
    20
    41
     0
     0
    44
    67
    81
    1f
    44
     0
     0
    3d
    67
    81
    21
    3d
     0
     0
    41
    67
    81
    20
    41
     0
     0
    44
    67
    81
    1f
    44
     0
     0
    49
     0
     0
    49
    79
     0
    3d
    67
    81
    21
    3d
     0
     0
    41
    67
    81
    1f
    41
     0
     0
    44
    67
    3b
    b0
    40
     0
    4e
    40
    7f
    17
    90
    44
     0
     0
    49
     0
     0
    4a
    79
     0
    3d
    67
    81
    21
    3d
     0
     0
    42
    67
    81
    1f
    42
     0
     0
    45
    67
    50
    b0
    40
     0
    4b
    40
    7f
     5
    90
    45
     0
     0
    31
     0
     0
    25
     0
     0
    36
    72
     0
    3d
    67
     1
    2a
    77
    81
    20
    3d
     0
     0
    42
    67
    81
    1f
    42
     0
     0
    45
    67
    32
    b0
    40
     0
    4e
    40
    7f
    21
    90
    45
     0
     0
    2a
     0
     0
    36
     0
     0
    39
    72
     0
    3d
    67
     1
    2d
    74
    81
    1f
    3d
     0
     0
    42
    67
    81
    1f
    42
     0
     0
    45
    67
    44
    b0
    40
     0
    4c
    40
    7f
    11
    90
    45
     0
     0
    4a
     0
     0
    39
     0
     0
    2d
     0
     0
    48
    79
     0
    3d
    67
     1
    36
    67
     0
    2a
    67
    81
    1f
    3d
     0
     0
    42
    67
    81
    1f
    42
     0
     0
    45
    67
    4f
    b0
    40
     0
    52
    90
    45
     0
     0
    48
     0
     0
    36
     0
     0
    2a
     0
     0
    49
    79
     0
    3d
    67
     1
    25
    75
     0
    31
    67
    81
    1e
    3d
     0
     0
    41
    67
    81
    20
    41
     0
     0
    44
    67
    81
    16
    b0
    40
    7f
     b
    90
    44
     0
     0
    3d
    67
    81
    1f
    3d
     0
     0
    41
    67
    81
    20
    41
     0
     0
    44
    67
    43
    b0
    40
     0
    4f
    40
    7f
     f
    90
    44
     0
     0
    31
     0
     0
    25
     0
     0
    49
     0
     0
    49
    79
     0
    3d
    67
     0
    2a
    67
     1
    1e
    67
    81
    1e
    3d
     0
     0
    42
    67
    81
    21
    42
     0
     0
    45
    67
    51
    b0
    40
     0
    47
    40
    7f
     8
    90
    45
     0
     0
    3d
    67
    81
    1f
    3d
     0
     0
    42
    67
    81
    21
    42
     0
     0
    45
    67
    47
    b0
    40
     0
    56
    40
    7f
     3
    90
    45
     0
     0
    1e
     0
     0
    2a
     0
     0
    49
     0
     0
    47
    79
     0
    3b
    67
     0
    33
    67
     1
    27
    67
    81
    1e
    3b
     0
     0
    42
    67
    81
    21
    42
     0
     0
    45
    67
    62
    b0
    40
     0
    3e
    90
    45
     0
     0
    3b
    67
     a
    b0
    40
    7f
    81
    15
    90
    3b
     0
     0
    42
    67
    81
    21
    42
     0
     0
    45
    67
    49
    b0
    40
     0
    48
    40
    7f
     e
    90
    45
     0
     0
    3b
    67
    81
    20
    3b
     0
     0
    42
    67
    81
    21
    42
     0
     0
    45
    67
    5f
    b0
    40
     0
    40
    90
    45
     0
     0
    47
     0
     0
    33
     0
     0
    27
     0
     0
    47
    79
     1
    3b
    67
     0
    34
    67
     1
    28
    67
     9
    b0
    40
    7f
    81
    15
    90
    3b
     0
     0
    40
    67
    81
    21
    40
     0
     0
    44
    67
    4e
    b0
    40
     0
    4c
    40
    7f
     5
    90
    44
     0
     0
    47
     0
     0
    34
     0
     0
    28
     0
     0
    45
    79
     1
    39
    67
     0
    31
    67
     0
    25
    67
    81
    20
    39
     0
     0
    40
    67
    81
    20
    40
     0
     0
    44
    67
    55
    b0
    40
     0
    47
    40
    7f
     3
    90
    44
     0
     0
    45
     0
     0
    31
     0
     0
    25
     0
     0
    45
    79
     1
    39
    67
     0
    33
    67
     0
    27
    67
    81
    20
    39
     0
     0
    3f
    67
    81
    20
    3f
     0
     0
    42
    67
    62
    b0
    40
     0
    3d
    90
    42
     0
     0
    45
     0
     0
    33
     0
     0
    27
     0
     0
    44
    79
     1
    38
    67
     0
    30
    67
     0
    24
    67
     6
    b0
    40
    7f
    81
    1a
    90
    38
     0
     0
    3f
    67
    81
    20
    3f
     0
     0
    42
    67
    49
    b0
    40
     0
    48
    40
    7f
     e
    90
    42
     0
     0
    44
     0
     0
    30
     0
     0
    24
     0
     0
    44
    79
     1
    38
    67
     0
    31
    67
     0
    25
    67
    81
    20
    38
     0
     0
    3d
    67
    81
    1f
    3d
     0
     0
    40
    67
    44
    b0
    40
     0
    52
    40
    7f
     a
    90
    40
     0
     0
    44
     0
     0
    31
     0
     0
    25
     0
     0
    42
    79
     0
    36
    67
     1
    2d
    67
     0
    21
    67
    81
    20
    36
     0
     0
    3d
    67
    81
    1f
    3d
     0
     0
    3f
    67
    62
    b0
    40
     0
    3e
    90
    3f
     0
     0
    36
    67
     1
    b0
    40
    7f
    81
    20
    90
    36
     0
     0
    3d
    67
    81
    1f
    3d
     0
     0
    3f
    67
    49
    b0
    40
     0
    58
    90
    3f
     0
     0
    21
     0
     0
    2d
     0
     0
    42
     0
     0
    44
    79
     0
    38
    67
     1
    2c
    67
     0
    20
    67
    81
    1f
    38
     0
     0
    3d
    67
    81
    1f
    3d
     0
     0
    3f
    67
    81
    21
    3f
     0
     0
    44
     0
     0
    2c
     0
     0
    20
     0
     0
    45
    79
     0
    39
    67
     1
    2a
    67
     0
    1e
    67
    81
    1f
    39
     0
     0
    3d
    67
    81
    1f
    3d
     0
     0
    3f
    67
    81
    21
    3f
     0
     0
    45
     0
     0
    2a
     0
     0
    1e
     0
     0
    44
    79
     0
    38
    67
     1
    2c
    67
     0
    20
    67
    81
    1f
    38
     0
     0
    3d
    67
    81
    1f
    3d
     0
     0
    40
    67
    81
    21
    40
     0
     0
    38
    67
     4
    b0
    40
    7f
    81
    1b
    90
    38
     0
     0
    3d
    67
    81
    20
    3d
     0
     0
    40
    67
    2f
    b0
    40
     0
    72
    90
    40
     0
     0
    20
     0
     0
    2c
     0
     0
    44
     0
     0
    44
    79
     0
    36
    67
     0
    2c
    67
     1
    20
    67
    81
    1e
    36
     0
     0
    3c
    67
    81
    20
    3c
     0
     0
    3f
    67
    7f
    b0
    40
    7f
    22
    90
    3f
     0
     0
    36
    67
    81
    1f
    36
     0
     0
    3c
    67
    81
    21
    3c
     0
     0
    3f
    67
    57
    b0
    40
     0
    40
    40
    7f
     9
    90
    3f
     0
     0
    20
     0
     0
    2c
     0
     0
    44
     0
     0
    3d
    79
     0
    2c
    7f
     0
    34
    67
     1
    25
    67
    81
    1e
    34
     0
     0
    38
    67
    81
    21
    38
     0
     0
    3d
    67
    40
    b0
    40
     0
    4c
    40
    7f
    14
    90
    3d
     0
     0
    3d
     0
     0
    38
    67
    81
    1f
    38
     0
     0
    3d
    67
    81
    21
    3d
     0
     0
    40
    67
    62
    b0
    40
     0
    39
    40
    7f
     5
    90
    40
     0
     0
    38
    67
    81
    1f
    38
     0
     0
    3d
    67
    81
    21
    3d
     0
     0
    40
    67
    41
    b0
    40
     0
    49
    40
    7f
    15
    90
    40
     0
     0
    2c
     0
     0
    38
    67
     1
    2c
    7f
    81
    1f
    38
     0
     0
    3d
    67
    81
    21
    3d
     0
     0
    40
    67
    28
    2c
     0
     0
    2c
    7f
    11
    b0
    40
     0
    4a
    40
    7f
    1c
    90
    2c
     0
     0
    40
     0
     0
    25
     0
     0
    38
    67
     1
    2c
    7f
     0
    24
    67
    81
    1f
    38
     0
     0
    3f
    67
    81
    21
    3f
     0
     0
    42
    67
    57
    b0
    40
     0
    41
    40
    7f
     7
    90
    42
     0
     0
    38
    67
    81
    21
    38
     0
     0
    3f
    67
    81
    20
    3f
     0
     0
    42
    67
    4e
    b0
    40
     0
    4b
    40
    7f
     6
    90
    42
     0
     0
    38
    67
    81
    21
    38
     0
     0
    3f
    67
    81
    20
    3f
     0
     0
    42
    67
    55
    b0
    40
     0
    48
    40
    7f
     2
    90
    42
     0
     0
    2c
     0
     0
    38
    67
     1
    2c
    7f
    81
    20
    38
     0
     0
    3f
    67
    81
    1f
    3f
     0
     0
    42
    67
    28
    2c
     0
     0
    2c
    7f
    12
    b0
    40
     0
    50
    40
    7f
    16
    90
    2c
     0
     0
    42
     0
     0
    24
     0
     0
    38
    67
     1
    2c
    7f
     0
    25
    67
    81
    20
    38
     0
     0
    40
    67
    81
    1f
    40
     0
     0
    3d
    67
    4b
    b0
    40
     0
    48
    40
    7f
     d
    90
    3d
     0
     0
    44
    67
    81
    21
    44
     0
     0
    40
    67
    81
    1f
    40
     0
     0
    49
    67
    46
    b0
    40
     0
    4d
    40
    7f
     d
    90
    49
     0
     0
    44
    67
    81
    21
    44
     0
     0
    4c
    67
    81
    1f
    4c
     0
     0
    49
    67
    3f
    b0
    40
     0
    59
    40
    7f
     9
    90
    49
     0
     0
    2c
     0
     0
    2c
    7f
     0
    50
    67
    81
    20
    50
     0
     0
    4c
    67
    81
    1f
    4c
     0
     0
    49
    67
    28
    2c
     0
     0
    2c
    7f
    22
    b0
    40
     0
    4e
    40
    7f
     9
    90
    2c
     0
     0
    49
     0
     0
    25
     0
     0
    2c
    7f
     0
    48
    67
     1
    20
    67
    81
    1f
    48
     0
     0
    4b
    67
    81
    1f
    4b
     0
     0
    45
    67
    6b
    b0
    40
     0
    36
    90
    45
     0
     0
    48
    67
     e
    b0
    40
    7f
    81
    11
    90
    48
     0
     0
    42
    67
    81
    20
    42
     0
     0
    45
    67
    5a
    b0
    40
     0
    47
    90
    45
     0
     0
    3f
    67
     7
    b0
    40
    7f
    81
    18
    90
    3f
     0
     0
    42
    67
    81
    20
    42
     0
     0
    39
    67
    56
    b0
    40
     0
    44
    90
    2c
     0
     0
    3c
    79
     6
    b0
    40
    7f
     1
    90
    2c
    7e
    81
    1f
    39
     0
     0
    38
    67
    81
    21
    38
     0
     0
    36
    67
    28
    2c
     0
     0
    2c
    7e
     f
    b0
    40
     0
    4f
    40
    7f
    15
    90
    2c
     0
     0
    36
     0
     0
    3c
     0
     0
    20
     0
     0
    34
    67
     5
    2c
    7e
     0
    3d
    67
     0
    25
    67
    81
    1f
    3d
     0
     0
    34
     0
     0
    40
    67
    81
    21
    40
     0
     0
    3d
    67
    34
    b0
    40
     0
    51
    40
    7f
    1b
    90
    3d
     0
     0
    44
    67
    81
    1f
    44
     0
     0
    40
    67
    81
    21
    40
     0
     0
    49
    67
    33
    b0
    40
     0
    5b
    40
    7f
    12
    90
    49
     0
     0
    44
    67
    81
    1f
    44
     0
     0
    4c
    67
    81
    21
    4c
     0
     0
    49
    67
    63
    b0
    40
     0
    3c
    90
    49
     0
     0
    2c
     0
     0
    50
    67
     1
    2c
    7e
    1a
    b0
    40
    7f
    81
     5
    90
    50
     0
     0
    4c
    67
    81
    21
    4c
     0
     0
    49
    67
    28
    2c
     0
     0
    2c
    7e
    1a
    b0
    40
     0
    51
    40
    7f
     c
    90
    2c
     0
     0
    49
     0
     0
    25
     0
     0
    48
    67
     1
    2c
    7e
     0
    20
    67
    81
    1f
    48
     0
     0
    4b
    67
    81
    21
    4b
     0
     0
    45
    67
    37
    b0
    40
     0
    57
    40
    7f
    11
    90
    45
     0
     0
    48
    67
    81
    21
    48
     0
     0
    42
    67
    81
    20
    42
     0
     0
    45
    67
    3a
    b0
    40
     0
    52
    40
    7f
    13
    90
    45
     0
     0
    3f
    67
    81
    21
    3f
     0
     0
    42
    67
    81
    20
    42
     0
     0
    39
    67
    19
    b0
    40
     0
    5b
    40
    7f
    25
    90
    2c
     0
     0
    3c
    79
     6
    2c
    7e
    81
    21
    39
     0
     0
    38
    67
    81
    20
    38
     0
     0
    36
    67
    27
    2c
     0
     0
    2c
    7e
     9
    b0
    40
     0
    50
    40
    7f
    1a
    90
    2c
     0
     0
    36
     0
     0
    3c
     0
     0
    20
     0
     0
    34
    67
     5
    3d
    67
     1
    2c
    7e
     0
    25
    67
    81
    20
    3d
     0
     0
    34
     0
     0
    38
    67
    81
    1f
    38
     0
     0
    3d
    67
    3d
    b0
    40
     0
    4f
    40
    7f
    14
    90
    3d
     0
     0
    40
    67
    81
    21
    40
     0
     0
    3d
    67
    81
    1f
    3d
     0
     0
    38
    67
    34
    b0
    40
     0
    52
    40
    7f
    1a
    90
    38
     0
     0
    2c
     0
     0
    31
    72
    81
    1a
    34
    67
    81
    26
    34
     0
     0
    38
    67
    30
    b0
    40
     0
    52
    40
    7f
    1f
    90
    38
     0
     0
    3d
    67
    81
    20
    3d
     0
     0
    38
    67
    81
    1f
    38
     0
     0
    34
    67
    2a
    b0
    40
     0
    57
    40
    7f
    20
    90
    34
     0
     0
    31
     0
     0
    2c
    67
    81
    19
    31
    67
    81
    26
    31
     0
     0
    34
    67
    39
    b0
    40
     0
    54
    40
    7f
    14
    90
    34
     0
     0
    38
    67
    81
    20
    38
     0
     0
    34
    67
    81
    1f
    34
     0
     0
    31
    67
    5a
    b0
    40
     0
    47
    90
    31
     0
     0
    2c
     0
     0
    25
     0
     0
    2c
    67
     6
    b0
    40
    7f
    81
    19
    90
    2c
     0
     0
    31
    67
    81
    20
    31
     0
     0
    2c
    67
    47
    b0
    40
     0
    54
    40
    7f
     6
    90
    2c
     0
     0
    28
    67
    81
    1f
    28
     0
     0
    2c
    67
    81
    20
    2c
     0
     0
    28
    67
    29
    b0
    40
     0
    72
    90
    28
     0
     0
    25
    67
    87
    3f
    3d
    67
     0
    38
    67
     1
    34
    67
     0
    2c
    67
     1
    25
     0
     0
    31
    67
     5
    25
    67
    87
    3f
    25
     0
     0
    38
     0
     0
    2c
     0
     0
    3d
     0
     0
    31
     0
     0
    34
     0
     0
    3d
    67
     1
    38
    67
     0
    34
    67
     1
    2c
    67
     0
    25
    67
     0
    31
    67
    8e
    78
    3d
     0
     1
    2c
     0
     0
    38
     0
     0
    34
     0
     1
    31
     0
     0
    25
     0
     0
    ff
    2f
     0
    ff
